953.4219, 1444.9, 1199.4, 1926.5, 2111.8, 1982.1, 1870.9, 1833.9, 1685.7, 1759.8, 1870.9, 2000.6, 1870.9, 3260.3, 4297.6, 5753.3, 10667, 5091.7, 4161.9, 1835.3, 730.9485, 576.2895, 1993.1, 2440.1, 2535.1, 2368.1, 922.5077, 612.4118, 398.9198, 331.7693, 207.6569, 87.6568, 154.1033,0,0,0,0,0,0,0
0.0000,0.0772,0.2429,0.3066,0.3878,0.4855,0.6209,0.8230,0.8718,0.8718
3260.3, 3260.3, 3260.3, 3260.3, 3260.3, 3260.3, 3260.3, 3260.3, 3260.3, 3260.3, 3260.3, 3260.3, 3260.3, 3260.3, 4297.6, 5753.3, 10667, 5091.7, 4161.9, 1835.3, 730.9485, 576.2895, 1993.1, 2440.1, 2535.1, 2368.1, 922.5077, 612.4118, 398.9198, 331.7693, 207.6569, 87.6568, 154.1033,0,0,0,0,0,0,0
0.0000,0.0772,0.2429,0.3066,0.3878,0.4855,0.6209,0.8230,0.8718,0.8718
#953.4219, 1444.9, 1199.4, 1926.5, 2111.8, 1982.1, 1870.9, 1833.9, 1685.7, 1759.8, 1870.9, 2000.6, 1870.9, 3260.3, 4297.6, 5753.3, 10667, 5091.7, 4161.9, 1835.3, 730.9485, 576.2895, 1993.1, 2440.1, 2535.1, 2368.1, 922.5077, 612.4118, 398.9198, 331.7693, 207.6569, 87.6568, 154.1033,4000,4000,4000,4000,0,0
#955,1433,1190,1911,2095,1966,1856,1819,1672,1746,1856,1984,1856,3234,4263,5707,10580,5050,4128,2000,2000,2000,2000,0,0,0,0,0,0,0,0,0,0,0,4000,4000,4000,4000,0,0
#955,1433,1190,1911,2095,1966,1856,1819,1672,1746,1856,1984,1856,3234,4263,5707,10580,5050,4128,2000,2000,2000,2000,0,0
#only the first line matters
#this is the 3.1M booster as of dec 20 scaled from national data, and 25% added on top
#955,1433,1190,1911,2095,1966,1856,1819,1672,1746,1856,1984,1856,3234,4263,5707,10580,5050,4128,4128,4128,4128,4128,0,0
#this is a further 15% on top of the above
#1098,1648,1369,2198,2409,2261,2134,2092,1923,2008,2134,2282,2134,3719,4902,6563,12167,5808,4747,4747,4747,4747,4747,0,0